------
Drone: 1
id=0, command=command, response=ok, start_time=2023-03-17 13:17:46.913403, end_time=2023-03-17 13:17:46.935292, duration=0.021889
