------
Drone: 1
id=0, command=command, response=None, start_time=2023-03-17 13:21:08.016670, end_time=None, duration=None
id=1, command=command, response=ok, start_time=2023-03-17 13:21:13.055071, end_time=2023-03-17 13:21:13.295303, duration=0.240232
