------
Drone: 1
id=0, command=command, response=ok, start_time=2023-03-17 13:14:11.868592, end_time=2023-03-17 13:14:12.146962, duration=0.27837
